 
                                      | Recursive                 | Recursive w/ Memoization  | Dynamic Programming       |
|-------------------------------------+---------------------------+---------------------------+---------------------------|
| Currency                   | Amount | # of Basic Op | Exec Time | # of Basic Op | Exec Time | # of Basic Op | Exec Time |
|----------------------------+--------+---------------+-----------+---------------+-----------+---------------+-----------|
| [1]                        | 0      | 0             | 0.0       | 0             | 0.0       | 0             | 0.0       |
| [1]                        | 1      | 1             | 1e-05     | 1             | 1e-05     | 1             | 0.0       |
            [...]
| [1]                        | 22     | 22            | 2e-05     | 22            | 3e-05     | 22            | 2e-05     |
| [1]                        | 23     | 23            | 3e-05     | 23            | 3e-05     | 23            | 2e-05     |
| [1]                        | 24     | 24            | 4e-05     | 24            | 6e-05     | 24            | 3e-05     |
| [1]                        | 25     | 25            | 6e-05     | 25            | 7e-05     | 25            | 5e-05     |
| [1]                        | 26     | 26            | 7e-05     | 26            | 8e-05     | 26            | 2e-05     |
            [...]
| [1]                        | 40     | 40            | 9e-05     | 40            | 0.00011   | 40            | 6e-05     |
| [1]                        | 41     | 41            | 0.0001    | 41            | 0.00011   | 41            | 6e-05     |
| [1]                        | 42     | 42            | 0.0001    | 42            | 0.00013   | 42            | 7e-05     |
            [...]
| [1]                        | 145    | 145           | 0.00021   | 145           | 0.00023   | 145           | 0.00014   |
| [1]                        | 146    | 146           | 0.00022   | 146           | 0.00023   | 146           | 0.00014   |
| [1]                        | 147    | 147           | 0.00022   | 147           | 0.00025   | 147           | 0.00015   |
| [1]                        | 148    | 148           | 0.00023   | 148           | 0.00023   | 148           | 0.00014   |
| [1]                        | 149    | 149           | 0.00023   | 149           | 0.00023   | 149           | 0.00015   |
| [1]                        | 150    | 150           | 0.00024   | 150           | 0.00023   | 150           | 0.00014   |
| [1, 2]                     | 0      | 0             | 0.0       | 0             | 0.0       | 0             | 0.0       |
| [1, 2]                     | 1      | 1             | 1e-05     | 1             | 0.0       | 1             | 0.0       |
            [...]
| [1, 2]                     | 150    | 5775          | 0.00846   | 225           | 0.00038   | 225           | 0.00018   |
| [1, 5]                     | 0      | 0             | 0.0       | 0             | 0.0       | 0             | 0.0       |
| [1, 5]                     | 1      | 1             | 1e-05     | 1             | 0.0       | 1             | 0.0       |
            [...]
| [1, 5]                     | 150    | 2355          | 0.00306   | 180           | 0.00027   | 180           | 0.00013   |
| [1, 2, 5]                  | 0      | 0             | 0.0       | 0             | 0.0       | 0             | 0.0       |
| [1, 2, 5]                  | 1      | 1             | 1e-05     | 1             | 1e-05     | 1             | 0.0       |
            [...]
| [1, 2, 5]                  | 150    | 61445         | 0.07672   | 327           | 0.00046   | 240           | 0.00016   |
| [1, 3, 8, 15, 74, 129]     | 0      | 0             | 0.0       | 0             | 0.0       | 0             | 0.0       |
| [1, 3, 8, 15, 74, 129]     | 1      | 1             | 1e-05     | 1             | 1e-05     | 1             | 0.0       |
            [...]
| [1, 3, 8, 15, 74, 129]     | 150    | 90868         | 0.11205   | 408           | 0.00055   | 210           | 0.00019   |
| [1, 2, 5, 10, 20, 50, 100] | 0      | 0             | 0.0       | 0             | 0.0       | 0             | 0.0       |
| [1, 2, 5, 10, 20, 50, 100] | 1      | 1             | 1e-05     | 1             | 1e-05     | 1             | 0.0       |
            [...]
| [1, 2, 5, 10, 20, 50, 100] | 150    | 684716        | 0.81894   | 358           | 0.0005    | 265           | 0.00021   |
+----------------------------+--------+---------------+-----------+---------------+-----------+---------------+-----------+


